"Index"	"Residues"	"SSE"	"SWtApo"	"SWtCtv"	"SWtEol"	"RMSDWtApo"	"RMSDWtCtv"	"RMSDWtEol"
1	"1-19"	"α1"	24.01	23.35	20.26	0.66	0.61	0.61
2	"23-30"	"α2"	6.27	7.74	5.27	0.26	0.28	0.26
3	"39-51"	"α3"	1.39	2.2	2.29	0.37	0.32	0.31
4	"63-70"	"α4"	3.63	4.79	6.04	0.3	0.29	0.32
5	"76-86"	"α5"	3.2	3.9	4.42	0.26	0.29	0.3
6	"94-106"	"α6"	1.39	1.39	1.5	0.41	0.34	0.34
7	"111-114"	"α7"	6.11	5.21	4.91	0.18	0.14	0.13
8	"20-22"	"L1"	1.91	4.76	2.83	0.14	0.15	0.13
9	"31-38"	"L2"	21.89	7.78	9.7	0.26	0.28	0.26
10	"52-62"	"L3"	7.73	12.79	14.35	0.37	0.32	0.31
11	"71-75"	"L4"	2.47	4.45	5.01	0.3	0.29	0.32
12	"87-93"	"L5"	19.27	20.44	22.32	0.26	0.29	0.3
13	"107-110"	"L6"	0.73	1.21	1.11	0.41	0.34	0.34
